00111000001110100000001101100110110000010101111111011010
00111000001110100000001101100110110000010101111111011110
00111000001110100000001101100110110000010111111111011010
00111000001110100000001101100110110000010111111111011110
00111000001110100000001101100110110001010101111111011010
00111000001110100000001101100110110001010101111111011110
00111000001110100000001101100110110001010111111111011010
00111000001110100000001101100110110001010111111111011110
00111000001110100000001101100110111000010101111111011010
00111000001110100000001101100110111000010101111111011110
00111000001110100000001101100110111000010111111111011010
00111000001110100000001101100110111000010111111111011110
00111000001110100000001101100110111001010101111111011010
00111000001110100000001101100110111001010101111111011110
00111000001110100000001101100110111001010111111111011010
00111000001110100000001101100110111001010111111111011110
00111000001110100000001111100110110000010101111111011010
00111000001110100000001111100110110000010101111111011110
00111000001110100000001111100110110000010111111111011010
00111000001110100000001111100110110000010111111111011110
00111000001110100000001111100110110001010101111111011010
00111000001110100000001111100110110001010101111111011110
00111000001110100000001111100110110001010111111111011010
00111000001110100000001111100110110001010111111111011110
00111000001110100000001111100110111000010101111111011010
00111000001110100000001111100110111000010101111111011110
00111000001110100000001111100110111000010111111111011010
00111000001110100000001111100110111000010111111111011110
00111000001110100000001111100110111001010101111111011010
00111000001110100000001111100110111001010101111111011110
00111000001110100000001111100110111001010111111111011010
00111000001110100000001111100110111001010111111111011110
00111000001110100000011101100110110000010101111111011010
00111000001110100000011101100110110000010101111111011110
00111000001110100000011101100110110000010111111111011010
00111000001110100000011101100110110000010111111111011110
00111000001110100000011101100110110001010101111111011010
00111000001110100000011101100110110001010101111111011110
00111000001110100000011101100110110001010111111111011010
00111000001110100000011101100110110001010111111111011110
00111000001110100000011101100110111000010101111111011010
00111000001110100000011101100110111000010101111111011110
00111000001110100000011101100110111000010111111111011010
00111000001110100000011101100110111000010111111111011110
00111000001110100000011101100110111001010101111111011010
00111000001110100000011101100110111001010101111111011110
00111000001110100000011101100110111001010111111111011010
00111000001110100000011101100110111001010111111111011110
00111000001110100000011111100110110000010101111111011010
00111000001110100000011111100110110000010101111111011110
00111000001110100000011111100110110000010111111111011010
00111000001110100000011111100110110000010111111111011110
00111000001110100000011111100110110001010101111111011010
00111000001110100000011111100110110001010101111111011110
00111000001110100000011111100110110001010111111111011010
00111000001110100000011111100110110001010111111111011110
00111000001110100000011111100110111000010101111111011010
00111000001110100000011111100110111000010101111111011110
00111000001110100000011111100110111000010111111111011010
00111000001110100000011111100110111000010111111111011110
00111000001110100000011111100110111001010101111111011010
00111000001110100000011111100110111001010101111111011110
00111000001110100000011111100110111001010111111111011010
00111000001110100000011111100110111001010111111111011110
00111000001110100100001101100110110000010101111111011010
00111000001110100100001101100110110000010101111111011110
00111000001110100100001101100110110000010111111111011010
00111000001110100100001101100110110000010111111111011110
00111000001110100100001101100110110001010101111111011010
00111000001110100100001101100110110001010101111111011110
00111000001110100100001101100110110001010111111111011010
00111000001110100100001101100110110001010111111111011110
00111000001110100100001101100110111000010101111111011010
00111000001110100100001101100110111000010101111111011110
00111000001110100100001101100110111000010111111111011010
00111000001110100100001101100110111000010111111111011110
00111000001110100100001101100110111001010101111111011010
00111000001110100100001101100110111001010101111111011110
00111000001110100100001101100110111001010111111111011010
00111000001110100100001101100110111001010111111111011110
00111000001110100100001111100110110000010101111111011010
00111000001110100100001111100110110000010101111111011110
00111000001110100100001111100110110000010111111111011010
00111000001110100100001111100110110000010111111111011110
00111000001110100100001111100110110001010101111111011010
00111000001110100100001111100110110001010101111111011110
00111000001110100100001111100110110001010111111111011010
00111000001110100100001111100110110001010111111111011110
00111000001110100100001111100110111000010101111111011010
00111000001110100100001111100110111000010101111111011110
00111000001110100100001111100110111000010111111111011010
00111000001110100100001111100110111000010111111111011110
00111000001110100100001111100110111001010101111111011010
00111000001110100100001111100110111001010101111111011110
00111000001110100100001111100110111001010111111111011010
00111000001110100100001111100110111001010111111111011110
00111000001110100100011101100110110000010101111111011010
00111000001110100100011101100110110000010101111111011110
00111000001110100100011101100110110000010111111111011010
00111000001110100100011101100110110000010111111111011110
00111000001110100100011101100110110001010101111111011010
00111000001110100100011101100110110001010101111111011110
00111000001110100100011101100110110001010111111111011010
00111000001110100100011101100110110001010111111111011110
00111000001110100100011101100110111000010101111111011010
00111000001110100100011101100110111000010101111111011110
00111000001110100100011101100110111000010111111111011010
00111000001110100100011101100110111000010111111111011110
00111000001110100100011101100110111001010101111111011010
00111000001110100100011101100110111001010101111111011110
00111000001110100100011101100110111001010111111111011010
00111000001110100100011101100110111001010111111111011110
00111000001110100100011111100110110000010101111111011010
00111000001110100100011111100110110000010101111111011110
00111000001110100100011111100110110000010111111111011010
00111000001110100100011111100110110000010111111111011110
00111000001110100100011111100110110001010101111111011010
00111000001110100100011111100110110001010101111111011110
00111000001110100100011111100110110001010111111111011010
00111000001110100100011111100110110001010111111111011110
00111000001110100100011111100110111000010101111111011010
00111000001110100100011111100110111000010101111111011110
00111000001110100100011111100110111000010111111111011010
00111000001110100100011111100110111000010111111111011110
00111000001110100100011111100110111001010101111111011010
00111000001110100100011111100110111001010101111111011110
00111000001110100100011111100110111001010111111111011010
00111000001110100100011111100110111001010111111111011110
00111000101110100000001101100110110000010101111111011010
00111000101110100000001101100110110000010101111111011110
00111000101110100000001101100110110000010111111111011010
00111000101110100000001101100110110000010111111111011110
00111000101110100000001101100110110001010101111111011010
00111000101110100000001101100110110001010101111111011110
00111000101110100000001101100110110001010111111111011010
00111000101110100000001101100110110001010111111111011110
00111000101110100000001101100110111000010101111111011010
00111000101110100000001101100110111000010101111111011110
00111000101110100000001101100110111000010111111111011010
00111000101110100000001101100110111000010111111111011110
00111000101110100000001101100110111001010101111111011010
00111000101110100000001101100110111001010101111111011110
00111000101110100000001101100110111001010111111111011010
00111000101110100000001101100110111001010111111111011110
00111000101110100000001111100110110000010101111111011010
00111000101110100000001111100110110000010101111111011110
00111000101110100000001111100110110000010111111111011010
00111000101110100000001111100110110000010111111111011110
00111000101110100000001111100110110001010101111111011010
00111000101110100000001111100110110001010101111111011110
00111000101110100000001111100110110001010111111111011010
00111000101110100000001111100110110001010111111111011110
00111000101110100000001111100110111000010101111111011010
00111000101110100000001111100110111000010101111111011110
00111000101110100000001111100110111000010111111111011010
00111000101110100000001111100110111000010111111111011110
00111000101110100000001111100110111001010101111111011010
00111000101110100000001111100110111001010101111111011110
00111000101110100000001111100110111001010111111111011010
00111000101110100000001111100110111001010111111111011110
00111000101110100000011101100110110000010101111111011010
00111000101110100000011101100110110000010101111111011110
00111000101110100000011101100110110000010111111111011010
00111000101110100000011101100110110000010111111111011110
00111000101110100000011101100110110001010101111111011010
00111000101110100000011101100110110001010101111111011110
00111000101110100000011101100110110001010111111111011010
00111000101110100000011101100110110001010111111111011110
00111000101110100000011101100110111000010101111111011010
00111000101110100000011101100110111000010101111111011110
00111000101110100000011101100110111000010111111111011010
00111000101110100000011101100110111000010111111111011110
00111000101110100000011101100110111001010101111111011010
00111000101110100000011101100110111001010101111111011110
00111000101110100000011101100110111001010111111111011010
00111000101110100000011101100110111001010111111111011110
00111000101110100000011111100110110000010101111111011010
00111000101110100000011111100110110000010101111111011110
00111000101110100000011111100110110000010111111111011010
00111000101110100000011111100110110000010111111111011110
00111000101110100000011111100110110001010101111111011010
00111000101110100000011111100110110001010101111111011110
00111000101110100000011111100110110001010111111111011010
00111000101110100000011111100110110001010111111111011110
00111000101110100000011111100110111000010101111111011010
00111000101110100000011111100110111000010101111111011110
00111000101110100000011111100110111000010111111111011010
00111000101110100000011111100110111000010111111111011110
00111000101110100000011111100110111001010101111111011010
00111000101110100000011111100110111001010101111111011110
00111000101110100000011111100110111001010111111111011010
00111000101110100000011111100110111001010111111111011110
00111000101110100100001101100110110000010101111111011010
00111000101110100100001101100110110000010101111111011110
00111000101110100100001101100110110000010111111111011010
00111000101110100100001101100110110000010111111111011110
00111000101110100100001101100110110001010101111111011010
00111000101110100100001101100110110001010101111111011110
00111000101110100100001101100110110001010111111111011010
00111000101110100100001101100110110001010111111111011110
00111000101110100100001101100110111000010101111111011010
00111000101110100100001101100110111000010101111111011110
00111000101110100100001101100110111000010111111111011010
00111000101110100100001101100110111000010111111111011110
00111000101110100100001101100110111001010101111111011010
00111000101110100100001101100110111001010101111111011110
00111000101110100100001101100110111001010111111111011010
00111000101110100100001101100110111001010111111111011110
00111000101110100100001111100110110000010101111111011010
00111000101110100100001111100110110000010101111111011110
00111000101110100100001111100110110000010111111111011010
00111000101110100100001111100110110000010111111111011110
00111000101110100100001111100110110001010101111111011010
00111000101110100100001111100110110001010101111111011110
00111000101110100100001111100110110001010111111111011010
00111000101110100100001111100110110001010111111111011110
00111000101110100100001111100110111000010101111111011010
00111000101110100100001111100110111000010101111111011110
00111000101110100100001111100110111000010111111111011010
00111000101110100100001111100110111000010111111111011110
00111000101110100100001111100110111001010101111111011010
00111000101110100100001111100110111001010101111111011110
00111000101110100100001111100110111001010111111111011010
00111000101110100100001111100110111001010111111111011110
00111000101110100100011101100110110000010101111111011010
00111000101110100100011101100110110000010101111111011110
00111000101110100100011101100110110000010111111111011010
00111000101110100100011101100110110000010111111111011110
00111000101110100100011101100110110001010101111111011010
00111000101110100100011101100110110001010101111111011110
00111000101110100100011101100110110001010111111111011010
00111000101110100100011101100110110001010111111111011110
00111000101110100100011101100110111000010101111111011010
00111000101110100100011101100110111000010101111111011110
00111000101110100100011101100110111000010111111111011010
00111000101110100100011101100110111000010111111111011110
00111000101110100100011101100110111001010101111111011010
00111000101110100100011101100110111001010101111111011110
00111000101110100100011101100110111001010111111111011010
00111000101110100100011101100110111001010111111111011110
00111000101110100100011111100110110000010101111111011010
00111000101110100100011111100110110000010101111111011110
00111000101110100100011111100110110000010111111111011010
00111000101110100100011111100110110000010111111111011110
00111000101110100100011111100110110001010101111111011010
00111000101110100100011111100110110001010101111111011110
00111000101110100100011111100110110001010111111111011010
00111000101110100100011111100110110001010111111111011110
00111000101110100100011111100110111000010101111111011010
00111000101110100100011111100110111000010101111111011110
00111000101110100100011111100110111000010111111111011010
00111000101110100100011111100110111000010111111111011110
00111000101110100100011111100110111001010101111111011010
00111000101110100100011111100110111001010101111111011110
00111000101110100100011111100110111001010111111111011010
00111000101110100100011111100110111001010111111111011110
